$ANSIBLE_VAULT;1.1;AES256
31333132626563336635653531363535393135636461373066663563313266366161633935383338
6435663732653731373764616437303964633036643164650a616262336139373336363839356633
34343363356166326637356133376130333861343062356331383235356532393063306162613738
3336356639623762350a636664333766363635343963666362656234636163653836376233666438
62623437333662303961636134366233313739303138393931363964313464653564396666663233
64616635333666363864616433363938306538666264643031383834376630343464333832326365
62363239376434353261613162623636656264353330306363383438663963346232393437306336
62393231646363636332623362306261363464323433353230363763663531633737353732313565
30376233343864656535373463303964616164653061373262313933333635306135383663313036
38653763313835643735353861613639646264323365363539336633616265646632633439636464
34653132653463333433343462633663643030666438333135333563353532373236363564666531
64626134333232363537613531663765353262623334636264626362363938653332376262393462
3735
